2.0,8.0,8.69897,9.0,9.69897,10.0,10.69897,11.0
04.00,-23.199,-23.175,-23.169,-23.164,-23.165,-23.166,-23.167
04.05,-22.741,-22.705,-22.696,-22.690,-22.689,-22.690,-22.690
04.10,-22.318,-22.276,-22.267,-22.259,-22.259,-22.259,-22.259
04.15,-21.974,-21.931,-21.923,-21.915,-21.915,-21.915,-21.915
04.20,-21.783,-21.743,-21.735,-21.729,-21.729,-21.729,-21.729
04.25,-21.761,-21.726,-21.719,-21.715,-21.715,-21.716,-21.716
04.30,-21.832,-21.803,-21.798,-21.796,-21.797,-21.799,-21.800
04.35,-21.923,-21.900,-21.897,-21.898,-21.900,-21.903,-21.904
04.40,-21.988,-21.972,-21.970,-21.974,-21.977,-21.983,-21.985
04.45,-22.009,-21.999,-21.999,-22.005,-22.009,-22.016,-22.019
04.50,-21.998,-21.993,-21.994,-22.001,-22.005,-22.013,-22.017
04.55,-21.969,-21.968,-21.969,-21.978,-21.982,-21.991,-21.995
04.60,-21.925,-21.927,-21.930,-21.939,-21.944,-21.954,-21.958
04.65,-21.863,-21.868,-21.872,-21.884,-21.889,-21.899,-21.904
04.70,-21.783,-21.789,-21.793,-21.806,-21.812,-21.822,-21.827
04.75,-21.688,-21.695,-21.699,-21.712,-21.717,-21.726,-21.730
04.80,-21.589,-21.595,-21.599,-21.611,-21.615,-21.621,-21.624
04.85,-21.503,-21.508,-21.512,-21.522,-21.525,-21.527,-21.529
04.90,-21.447,-21.453,-21.456,-21.465,-21.467,-21.468,-21.469
04.95,-21.415,-21.420,-21.423,-21.432,-21.434,-21.436,-21.437
05.00,-21.397,-21.402,-21.405,-21.412,-21.414,-21.418,-21.421
05.05,-21.408,-21.411,-21.413,-21.418,-21.420,-21.427,-21.430
05.10,-21.426,-21.429,-21.430,-21.433,-21.435,-21.444,-21.450
05.15,-21.420,-21.423,-21.424,-21.427,-21.429,-21.440,-21.447
05.20,-21.398,-21.400,-21.401,-21.404,-21.407,-21.419,-21.428
05.25,-21.378,-21.380,-21.381,-21.383,-21.386,-21.399,-21.408
05.30,-21.368,-21.370,-21.371,-21.373,-21.376,-21.389,-21.398
05.35,-21.362,-21.364,-21.365,-21.367,-21.369,-21.382,-21.391
05.40,-21.367,-21.368,-21.369,-21.371,-21.373,-21.384,-21.393
05.45,-21.414,-21.416,-21.416,-21.418,-21.420,-21.428,-21.435
05.50,-21.517,-21.518,-21.519,-21.521,-21.522,-21.528,-21.532
05.55,-21.616,-21.617,-21.618,-21.620,-21.621,-21.624,-21.627
05.60,-21.661,-21.662,-21.663,-21.665,-21.666,-21.668,-21.670
05.65,-21.662,-21.663,-21.664,-21.666,-21.667,-21.669,-21.670
05.70,-21.645,-21.647,-21.648,-21.650,-21.651,-21.653,-21.653
05.75,-21.632,-21.633,-21.634,-21.636,-21.638,-21.640,-21.640
05.80,-21.627,-21.628,-21.629,-21.632,-21.634,-21.636,-21.637
05.85,-21.621,-21.623,-21.624,-21.628,-21.630,-21.632,-21.633
05.90,-21.610,-21.613,-21.614,-21.618,-21.620,-21.623,-21.624
05.95,-21.600,-21.603,-21.604,-21.609,-21.611,-21.614,-21.615
06.00,-21.600,-21.603,-21.604,-21.609,-21.611,-21.614,-21.616
06.05,-21.613,-21.615,-21.617,-21.621,-21.623,-21.626,-21.627
06.10,-21.633,-21.634,-21.635,-21.639,-21.641,-21.644,-21.645
06.15,-21.656,-21.657,-21.658,-21.661,-21.662,-21.665,-21.665
06.20,-21.688,-21.689,-21.690,-21.692,-21.693,-21.695,-21.696
06.25,-21.739,-21.740,-21.741,-21.743,-21.744,-21.745,-21.746
06.30,-21.821,-21.822,-21.823,-21.825,-21.826,-21.827,-21.827
06.35,-21.934,-21.935,-21.936,-21.938,-21.939,-21.940,-21.940
06.40,-22.056,-22.056,-22.057,-22.058,-22.059,-22.060,-22.060
06.45,-22.162,-22.162,-22.163,-22.164,-22.164,-22.165,-22.166
06.50,-22.244,-22.244,-22.244,-22.245,-22.245,-22.246,-22.246
06.55,-22.298,-22.298,-22.298,-22.298,-22.299,-22.299,-22.299
06.60,-22.327,-22.327,-22.327,-22.327,-22.327,-22.328,-22.328
06.65,-22.337,-22.337,-22.337,-22.337,-22.338,-22.338,-22.338
06.70,-22.335,-22.335,-22.335,-22.335,-22.335,-22.335,-22.335
06.75,-22.325,-22.325,-22.325,-22.325,-22.325,-22.325,-22.325
06.80,-22.313,-22.313,-22.313,-22.313,-22.313,-22.313,-22.313
06.85,-22.301,-22.301,-22.301,-22.301,-22.301,-22.301,-22.301
06.90,-22.295,-22.295,-22.295,-22.295,-22.295,-22.295,-22.295
06.95,-22.297,-22.297,-22.297,-22.297,-22.297,-22.297,-22.297
07.00,-22.312,-22.312,-22.312,-22.312,-22.312,-22.312,-22.312
07.05,-22.343,-22.343,-22.343,-22.343,-22.343,-22.343,-22.343
07.10,-22.394,-22.394,-22.394,-22.394,-22.394,-22.394,-22.394
07.15,-22.461,-22.461,-22.461,-22.461,-22.461,-22.461,-22.461
07.20,-22.530,-22.530,-22.530,-22.530,-22.530,-22.530,-22.530
07.25,-22.590,-22.590,-22.590,-22.590,-22.590,-22.590,-22.590
07.30,-22.635,-22.635,-22.635,-22.635,-22.635,-22.635,-22.635
07.35,-22.666,-22.666,-22.666,-22.665,-22.665,-22.665,-22.665
07.40,-22.683,-22.683,-22.683,-22.683,-22.683,-22.683,-22.683
07.45,-22.691,-22.691,-22.691,-22.691,-22.691,-22.691,-22.691
07.50,-22.692,-22.692,-22.692,-22.692,-22.692,-22.692,-22.692
07.55,-22.688,-22.688,-22.688,-22.688,-22.688,-22.688,-22.688
07.60,-22.679,-22.679,-22.679,-22.679,-22.679,-22.679,-22.679
07.65,-22.668,-22.668,-22.668,-22.668,-22.668,-22.668,-22.668
07.70,-22.654,-22.654,-22.654,-22.654,-22.654,-22.654,-22.654
07.75,-22.639,-22.639,-22.639,-22.639,-22.639,-22.639,-22.639
07.80,-22.624,-22.624,-22.624,-22.624,-22.624,-22.624,-22.624
07.85,-22.607,-22.607,-22.607,-22.607,-22.607,-22.607,-22.607
07.90,-22.590,-22.590,-22.590,-22.590,-22.590,-22.590,-22.590
07.95,-22.573,-22.573,-22.573,-22.573,-22.573,-22.573,-22.573
08.00,-22.556,-22.556,-22.556,-22.556,-22.556,-22.556,-22.556
08.05,-22.538,-22.538,-22.538,-22.538,-22.538,-22.538,-22.538
08.10,-22.520,-22.520,-22.520,-22.520,-22.520,-22.520,-22.520
08.15,-22.502,-22.502,-22.502,-22.502,-22.502,-22.502,-22.502
08.20,-22.483,-22.483,-22.483,-22.483,-22.483,-22.483,-22.483
08.25,-22.463,-22.463,-22.463,-22.463,-22.463,-22.463,-22.463
08.30,-22.443,-22.443,-22.443,-22.443,-22.443,-22.443,-22.443
08.35,-22.422,-22.422,-22.422,-22.422,-22.422,-22.422,-22.422
08.40,-22.401,-22.401,-22.401,-22.401,-22.401,-22.401,-22.401
08.45,-22.380,-22.380,-22.380,-22.380,-22.380,-22.380,-22.380
08.50,-22.358,-22.358,-22.358,-22.358,-22.358,-22.358,-22.358
08.55,-22.336,-22.336,-22.336,-22.336,-22.335,-22.335,-22.335
08.60,-22.313,-22.313,-22.313,-22.313,-22.313,-22.313,-22.313
08.65,-22.290,-22.290,-22.290,-22.290,-22.290,-22.290,-22.290
08.70,-22.267,-22.267,-22.267,-22.267,-22.267,-22.267,-22.267
08.75,-22.244,-22.244,-22.244,-22.244,-22.244,-22.244,-22.244
08.80,-22.220,-22.220,-22.220,-22.220,-22.220,-22.220,-22.220
08.85,-22.197,-22.197,-22.197,-22.197,-22.197,-22.197,-22.197
08.90,-22.173,-22.173,-22.173,-22.173,-22.173,-22.173,-22.173
08.95,-22.149,-22.149,-22.149,-22.149,-22.149,-22.149,-22.149
09.00,-22.125,-22.125,-22.125,-22.125,-22.125,-22.125,-22.125
